12.532818753143228,1.0867073360737436
4.786886376131847,4.433213112455254
12.293617412250835,1.127626079291903
7.525513235833935,2.505497693693583
14.565115817692861,0.7887059029478469
13.403471539902029,0.9460610352890233
14.135139173489012,0.8423755912199314
13.52383068744232,0.9285329077667708
10.140780213245217,1.5819853567963962
4.645979270535641,4.594691062365517
11.351288538675625,1.3016848801729712
15.68641931908837,0.6565550504903934
16.31057099221614,0.5896580934233367
2.798507462686567,7.889956675838219
14.924261274835558,0.7442183430017909
